# ID,label,height,root_density,area,shape_index,linearity,sphericity,verticality,density,omnivariance,local_planarity,volume_occupancy,vertical_density_ratio
   0.00000,   0.00000,  19.73000,   0.00276,  46.98954,   1.64152,   0.70143,   0.01788,   1.20898,  17.36268,   1.72125,   0.29862,   0.42590,  15.90654
   1.00000,   0.00000,   8.47000,   0.00434,  53.22318,   1.86922,   0.22824,   0.05832,   1.49768,  15.11287,   2.29554,   0.24258,   0.58962,   6.63235
   2.00000,   0.00000,  15.57000,   0.00145, 239.90445,   4.01883,   0.36718,   0.15586,   1.46425,   7.17376,   8.79732,   0.37191,   0.60880,   3.45817
   3.00000,   0.00000,  16.47000,   0.00097, 265.78952,   4.28723,   0.59589,   0.15477,   1.39733,   7.74772,   9.32391,   0.30749,   0.52945,   1.79321
   4.00000,   0.00000,   9.75000,   0.00041, 332.97028,   4.87980,   0.19935,   0.04267,   1.55546,  11.01370,   7.27928,   0.33074,   0.40567,   3.88321
   5.00000,   0.00000,  13.58000,   0.00118, 102.33717,   2.63021,   0.13887,   0.04635,   1.50147,  14.41378,   2.69725,   0.34066,   0.51766,   5.57087
   6.00000,   0.00000,   8.33000,   0.00062,  85.87453,   2.36997,   0.58984,   0.03123,   1.56429,  40.94459,   2.06413,   0.25967,   0.53872,   1.16890
   7.00000,   0.00000,  17.41000,   0.00031, 365.96097,   4.82694,   0.33788,   0.44099,   1.56443,  15.82305,   6.98133,   0.33161,   0.51070,   0.29542
   8.00000,   0.00000,  11.57000,   0.00129, 227.85353,   3.97012,   0.34282,   0.28252,   1.54037,   9.04992,   5.83068,   0.35329,   0.54782,   3.19826
   9.00000,   0.00000,  14.16000,   0.00108, 180.44446,   3.25629,   0.71332,   0.15441,   1.45241,   6.87581,   5.80283,   0.35481,   0.64182,   4.77882
  10.00000,   0.00000,  13.56000,   0.00111, 192.89429,   3.51677,   0.10398,   0.22234,   1.56914,  22.01307,   4.26468,   0.38996,   0.45122,   1.66952
  11.00000,   0.00000,  18.11000,   0.00061, 277.18469,   4.48349,   0.37830,   0.18365,   1.37450,   8.99448,   8.36379,   0.40773,   0.47708,   2.63181
  12.00000,   0.00000,   8.54000,   0.00578,  50.15804,   1.82713,   0.36896,   0.13135,   1.37719,  13.45517,   1.76237,   0.28648,   0.59797,   3.94545
  13.00000,   0.00000,  15.49000,   0.00149, 172.55748,   3.39995,   0.85086,   0.11311,   1.50506,  10.98682,   4.16106,   0.34707,   0.45774,   2.41653
  14.00000,   0.00000,   8.39000,   0.00125, 184.25580,   3.53537,   0.09281,   0.05667,   1.51202,  11.64889,   4.96435,   0.39261,   0.66315,  11.55594
  15.00000,   0.00000,  13.16000,   0.00042, 765.83606,   7.11978,   0.51076,   0.38580,   1.54434,   4.57992,  20.75983,   0.32361,   0.63948,  10.23316
  16.00000,   0.00000,  12.85000,   0.00093, 137.01289,   3.09228,   0.12338,   0.05580,   1.47972,  10.44226,   5.08602,   0.35951,   0.64556,   3.41626
  17.00000,   0.00000,   8.72000,   0.00071, 208.93623,   3.64275,   0.13840,   0.02356,   1.55503,  20.58168,   3.42616,   0.32641,   0.49308,  15.89157
  18.00000,   0.00000,   7.56000,   0.00447,  31.18900,   1.37856,   0.26612,   0.09989,   1.42602,  17.72106,   1.14679,   0.33115,   0.62708,  10.52577
  19.00000,   0.00000,  10.64000,   0.00066, 157.60658,   3.30481,   0.05145,   0.23290,   1.48064,   9.32779,   4.70439,   0.35435,   0.62734,  13.06075
  20.00000,   0.00000,  14.74000,   0.00180, 159.40784,   3.24226,   0.51147,   0.17660,   1.43013,   7.81851,   6.10359,   0.39904,   0.62489,   5.92290
  21.00000,   0.00000,  16.21000,   0.00091, 188.95256,   3.48071,   0.23074,   0.03529,   1.40607,  13.82612,   4.12130,   0.41572,   0.44814,   4.97019
  22.00000,   0.00000,  12.54000,   0.00050, 470.96478,   5.41044,   0.30613,   0.07043,   1.51275,   7.18769,  16.02564,   0.28556,   0.57994,   1.39406
  23.00000,   0.00000,  14.21000,   0.00056, 389.76498,   5.05520,   0.06169,   0.03085,   1.52279,   5.91160,  14.28911,   0.33640,   0.69612,   2.53428
  24.00000,   0.00000,  13.73000,   0.00132, 215.41841,   3.80291,   0.26756,   0.20589,   1.53788,  11.59573,   4.76300,   0.31848,   0.56469,  39.35106
  25.00000,   0.00000,  10.28000,   0.00058, 110.51012,   2.74039,   0.43348,   0.03219,   1.56753,  23.98460,   2.49753,   0.40351,   0.56153,   1.30630
  26.00000,   0.00000,  12.06000,   0.00041, 249.50665,   4.32931,   0.19457,   0.09006,   1.53077,   8.47228,  10.46829,   0.24185,   0.40166,   1.01323
  27.00000,   0.00000,  12.44000,   0.00273,  80.21077,   2.35635,   0.34051,   0.08748,   1.52250,  15.55374,   1.43325,   0.33222,   0.49766,  22.84782
  28.00000,   0.00000,  16.87000,   0.00102, 181.70844,   3.55038,   0.22146,   0.29452,   1.51249,  10.28131,   5.27484,   0.40025,   0.57569,   7.83119
  29.00000,   0.00000,   9.75000,   0.00041, 294.14636,   4.37862,   0.58567,   0.06256,   1.55181,  14.51401,   5.01764,   0.31744,   0.41061,  12.84366
  30.00000,   0.00000,  18.71000,   0.00030, 269.60358,   4.28810,   0.57289,   0.13752,   1.47182,   8.02512,   8.30290,   0.30861,   0.50371,  10.12430
  31.00000,   0.00000,  12.08000,   0.00037, 358.45328,   4.96995,   0.26987,   0.08029,   1.48246,   7.79270,  13.35180,   0.27456,   0.37727,   1.57416
  32.00000,   0.00000,   9.80000,   0.00164, 112.81466,   2.63900,   0.42316,   0.07062,   1.49713,  24.22004,   1.56605,   0.31002,   0.30828, 139.99994
  33.00000,   0.00000,  20.88000,   0.00369,  57.98563,   1.95486,   0.06371,   0.25115,   1.36651,   7.24198,   3.62118,   0.29979,   0.63006,   3.09719
  34.00000,   0.00000,  19.61000,   0.00023, 467.45523,   5.61189,   0.69046,   0.12577,   1.42199,   7.27262,   9.56657,   0.29353,   0.36956,   0.41234
  35.00000,   0.00000,  10.89000,   0.00121, 200.04341,   3.67095,   0.00978,   0.22162,   1.52129,   7.29518,   6.96417,   0.41502,   0.69569,   8.90374
  36.00000,   0.00000,  13.81000,   0.00113, 162.12274,   3.45106,   0.72208,   0.21799,   1.43816,   8.07503,   6.56277,   0.35339,   0.53203,   4.40925
  37.00000,   0.00000,  11.15000,   0.00036, 234.70467,   4.05879,   0.23231,   0.10219,   1.47261,   7.26375,   7.64807,   0.27652,   0.63408,   5.67933
  38.00000,   0.00000,  11.09000,   0.00035, 180.44153,   3.46646,   0.40534,   0.10829,   1.51161,  11.99184,   3.77958,   0.39677,   0.37017,   0.62672
  39.00000,   0.00000,  12.35000,   0.00487,  39.70953,   1.58771,   0.46346,   0.03445,   1.55703,  13.87011,   1.35097,   0.24112,   0.73842,  10.97087
  40.00000,   0.00000,  14.22000,   0.00614,  50.67211,   1.76753,   0.25816,   0.25235,   1.40633,  14.47860,   1.81835,   0.32800,   0.60094,   6.27232
  41.00000,   0.00000,  14.44000,   0.00141,  70.52206,   2.12574,   0.32968,   0.03172,   1.49895,  15.63497,   2.46169,   0.26773,   0.70074,  12.39810
  42.00000,   0.00000,  14.30000,   0.00090, 234.41676,   3.79621,   0.75022,   0.20054,   1.54098,   9.22394,   4.84701,   0.38481,   0.34564,   1.02201
  43.00000,   0.00000,  14.85000,   0.00109, 267.97571,   4.31771,   0.60913,   0.23095,   1.41176,   5.98863,   7.28037,   0.31133,   0.54138,   4.81157
  44.00000,   0.00000,  13.72000,   0.00041, 289.01459,   4.46216,   0.08672,   0.65913,   1.54447,  11.10521,   5.17185,   0.32338,   0.52392,  14.62359
  45.00000,   0.00000,  16.29000,   0.00123, 169.69267,   3.40761,   0.69734,   0.15028,   1.37472,  11.25350,   5.70864,   0.35155,   0.37447,   5.00926
  46.00000,   0.00000,  14.45000,   0.00145, 121.09467,   2.60336,   0.21507,   0.31291,   1.30455,   5.65183,   5.75000,   0.21808,   0.45958,   3.78611
  47.00000,   0.00000,  12.55000,   0.00050, 368.82187,   4.78409,   0.18969,   0.04306,   1.47928,   5.95898,  12.60030,   0.34440,   0.74147,   5.38932
  48.00000,   0.00000,  16.14000,   0.00309,  97.99865,   2.48474,   0.59138,   0.13891,   1.39493,  12.29029,   3.06139,   0.33402,   0.41986,   2.93074
  49.00000,   0.00000,  16.86000,   0.00103, 143.38541,   3.01049,   0.39371,   0.25218,   1.51614,   7.74671,   5.35713,   0.41999,   0.67621,  10.75806
  50.00000,   0.00000,  12.30000,   0.00108, 215.28818,   3.77567,   0.46230,   0.16905,   1.55754,  12.76495,   4.29269,   0.29913,   0.47523,   7.46971
  51.00000,   0.00000,  10.53000,   0.00110, 218.13708,   3.89116,   0.71945,   0.16337,   1.53592,   9.58751,   5.44940,   0.27736,   0.69230,  15.78937
  52.00000,   0.00000,  14.08000,   0.00078, 392.70761,   5.21580,   0.17991,   0.07398,   1.49509,   4.47906,  15.53876,   0.29742,   0.64594,   3.15375
  53.00000,   0.00000,   8.83000,   0.00264,  71.70038,   2.22146,   0.28572,   0.11532,   1.54630,  15.76758,   2.11513,   0.42064,   0.52896,  14.77381
  54.00000,   0.00000,  17.84000,   0.00037, 352.29965,   4.93591,   0.12333,   0.02334,   1.52938,   4.95689,  16.06380,   0.26384,   0.64696,  12.23040
  55.00000,   0.00000,  14.47000,   0.00007, 374.58926,   4.99524,   0.48928,   0.24894,   1.50061,   6.08715,  13.50454,   0.29958,   0.65632,   1.55611
  56.00000,   0.00000,   9.91000,   0.00132, 164.58997,   3.19133,   0.10172,   0.03228,   1.53211,  10.95552,   4.41598,   0.37907,   0.64903,  17.21687
  57.00000,   0.00000,  18.67000,   0.00085, 247.32991,   4.14872,   0.51828,   0.19456,   1.41661,   8.86860,   8.98648,   0.33282,   0.49824,   3.07482
  58.00000,   0.00000,   8.58000,   0.00222,  58.97221,   1.92920,   0.46272,   0.09615,   1.43465,  21.25537,   1.91727,   0.28743,   0.45558,   7.75486
  59.00000,   0.00000,  10.82000,   0.00129, 219.53967,   3.84784,   0.20308,   0.02876,   1.45771,  12.60059,   5.29383,   0.39079,   0.56859,   9.33777
  60.00000,   0.00000,  13.26000,   0.00006,3478.11670,  12.24774,   0.66962,   0.08772,   1.55575,   5.01008,  37.64487,   0.28799,   0.66552,  13.39599
  61.00000,   0.00000,   9.92000,   0.00070, 158.35512,   3.25281,   0.22128,   0.54309,   1.55167,  11.01472,   4.14018,   0.38776,   0.62313,  18.55137
  62.00000,   0.00000,   9.90000,   0.00160, 111.88171,   2.75629,   0.32347,   0.50424,   1.55607,  11.44699,   3.39412,   0.39454,   0.58562,   7.50973
  63.00000,   0.00000,   7.54000,   0.00186, 114.87693,   2.78770,   0.56703,   0.03398,   1.51969,  16.59497,   3.17372,   0.41527,   0.58039,  14.79779
  64.00000,   0.00000,  13.44000,   0.00004, 818.74066,   7.24640,   0.40090,   0.39597,   1.53398,   4.58208,  22.53121,   0.31082,   0.59884,   7.27444
  65.00000,   0.00000,   8.08000,   0.00135,  58.76180,   1.96514,   0.17613,   0.03679,   1.56260,  43.97231,   1.51083,   0.33466,   0.56335,   1.18253
  66.00000,   0.00000,  13.29000,   0.00111, 261.61612,   3.83951,   0.41691,   0.17833,   1.50846,  11.24270,   4.99195,   0.29141,   0.40539,  20.48413
  67.00000,   0.00000,  18.99000,   0.00075, 152.89128,   2.89302,   0.12831,   0.03329,   1.44691,   7.37667,   6.63256,   0.26365,   0.81478,   4.61733
  68.00000,   0.00000,  14.67000,   0.00142, 248.82475,   4.11761,   0.45450,   0.27030,   1.38809,   7.64556,   9.38101,   0.34302,   0.55448,   2.16484
  69.00000,   0.00000,  12.24000,   0.00029, 370.51959,   5.10555,   0.31096,   0.05743,   1.54691,   7.79056,  13.87069,   0.26069,   0.40312,   1.47239
  70.00000,   0.00000,  11.89000,   0.00117, 213.33684,   3.72073,   0.78590,   0.19999,   1.48721,   8.60915,   7.72783,   0.28089,   0.58580,   3.20453
  71.00000,   0.00000,   7.42000,   0.00321,  45.14034,   1.65674,   0.69085,   0.02858,   1.44903,  14.69159,   1.21545,   0.26369,   0.63565,  20.46551
  72.00000,   0.00000,   8.27000,   0.00148,  93.72715,   2.42591,   0.22414,   0.05073,   1.51958,  15.77596,   2.60593,   0.26782,   0.29193,  25.77777
  73.00000,   0.00000,  14.89000,   0.00060, 435.18896,   5.05205,   0.12016,   0.04364,   1.43931,   5.64666,  16.76189,   0.28042,   0.35231,   3.99097
  74.00000,   0.00000,  12.57000,   0.00102, 304.26672,   4.45367,   0.19196,   0.05776,   1.53701,   6.17974,  11.11034,   0.34522,   0.72577,   5.09762
  75.00000,   0.00000,  11.55000,   0.00077, 111.81649,   2.67635,   0.43808,   0.10821,   1.47785,  13.15768,   3.00792,   0.34188,   0.53901,  11.05247
  76.00000,   0.00000,  16.51000,   0.00014, 374.31976,   5.02203,   0.47739,   0.12817,   1.53558,   4.53399,  15.99025,   0.29159,   0.68725,   7.72683
  77.00000,   0.00000,  19.63000,   0.00121, 147.73758,   3.14098,   0.61801,   0.15405,   1.51195,   7.76226,   5.00231,   0.40869,   0.66686,  19.78853
  78.00000,   0.00000,  12.12000,   0.00527,  50.74828,   1.83750,   0.72191,   0.05446,   1.53731,  13.48317,   1.94296,   0.28468,   0.65576,   9.31522
  79.00000,   0.00000,   8.10000,   0.00087,  90.46072,   2.37905,   0.16751,   0.06673,   1.55246,  41.38551,   2.23379,   0.31142,   0.48199,   0.65782
  80.00000,   0.00000,  11.90000,   0.00117, 178.66815,   3.54981,   0.43870,   0.30604,   1.48721,  10.46703,   5.03069,   0.37092,   0.55644,   5.74114
  81.00000,   0.00000,   9.11000,   0.00324, 122.06044,   2.84516,   0.25338,   0.07217,   1.41992,   6.87245,   4.94605,   0.24511,   0.54587,   5.27828
  82.00000,   0.00000,  11.19000,   0.00126, 210.98706,   3.61164,   0.43081,   0.39906,   1.49785,   6.27680,   6.91861,   0.37279,   0.63576,  11.35579
  83.00000,   0.00000,  14.80000,   0.00079, 223.98956,   3.88675,   0.13145,   0.36924,   1.51557,   7.49909,   9.78860,   0.31282,   0.56105,   1.91464
  84.00000,   0.00000,  12.11000,   0.00032, 242.06973,   4.25963,   0.43416,   0.12680,   1.54224,   7.99422,  10.33640,   0.27314,   0.55482,   1.06692
  85.00000,   0.00000,  12.25000,   0.00156, 144.97005,   3.07678,   0.46844,   0.17672,   1.54292,  12.50559,   4.34245,   0.30001,   0.46939,   4.34719
  86.00000,   0.00000,  12.10000,   0.00076, 232.11243,   4.17067,   0.49685,   0.10787,   1.55734,   9.80185,  10.05422,   0.24300,   0.39197,   1.16003
  87.00000,   0.00000,  12.59000,   0.00180, 173.41170,   3.42084,   0.23723,   0.05152,   1.44391,   8.44307,   5.95404,   0.30201,   0.55354,  17.49444
  88.00000,   0.00000,  11.60000,   0.00044, 313.23380,   4.58247,   0.24837,   0.41458,   1.55950,  10.78895,   7.18061,   0.36636,   0.56417,   2.40241
  89.00000,   0.00000,  11.40000,   0.00236,  89.37711,   2.49257,   0.29175,   0.29953,   1.46178,  12.97819,   2.57241,   0.27648,   0.51969,   1.32512
  90.00000,   0.00000,   9.77000,   0.00044, 181.55719,   3.49830,   0.20524,   0.04053,   1.56802,  24.74134,   4.93784,   0.32003,   0.38737,   0.57352
  91.00000,   0.00000,  20.09000,   0.00121, 164.24080,   3.27532,   0.12496,   0.60458,   1.49370,   7.16430,   6.03246,   0.29409,   0.77040,  11.34270
  92.00000,   0.00000,  19.53000,   0.00037, 287.62842,   4.29698,   0.38528,   0.22495,   1.33547,   7.69985,   8.93894,   0.29695,   0.54250,   3.25417
  93.00000,   0.00000,  11.65000,   0.00244, 110.27412,   2.63285,   0.59639,   0.00721,   1.24464,  16.41618,   2.02912,   0.27632,   0.33893,  12.58823
  94.00000,   0.00000,   7.23000,   0.00188,  54.43378,   1.81233,   0.51645,   0.10397,   1.54383,   8.78173,   1.73143,   0.27429,   0.63981,  20.71428
  95.00000,   0.00000,  14.75000,   0.00065, 238.02341,   3.92134,   0.08497,   0.17208,   1.56509,  11.09912,   4.74990,   0.31036,   0.57143,  35.16822
  96.00000,   0.00000,  14.82000,   0.00047, 223.76207,   3.95400,   0.19356,   0.07052,   1.54247,   7.18313,   9.67095,   0.33406,   0.55351,   1.93985
  97.00000,   0.00000,  20.79000,   0.00214, 163.75883,   3.23781,   0.21560,   0.08119,   1.23538,   7.87322,   5.58758,   0.34137,   0.50292,   2.92992
  98.00000,   0.00000,  12.49000,   0.00046, 450.63507,   5.35444,   0.22992,   0.07153,   1.47265,   7.66582,  15.22461,   0.28492,   0.60335,   1.53940
  99.00000,   0.00000,  13.01000,   0.00136, 162.83449,   3.24592,   0.83059,   0.08672,   1.49498,   7.70265,   5.54313,   0.28060,   0.60911,   5.23540
 100.00000,   1.00000,  14.29000,   0.01333,   8.86494,   0.71804,   0.69206,   0.02527,   1.51966,  26.51511,   0.31335,   0.19900,   0.37580,   5.81818
 101.00000,   1.00000,  12.48000,   0.00938,  10.28288,   0.78036,   0.43581,   0.03631,   1.49073,  41.59360,   0.33158,   0.24857,   0.41616,   9.32258
 102.00000,   1.00000,  14.71000,   0.00748,  11.17347,   0.81729,   0.38178,   0.07423,   1.51888,  34.60199,   0.48648,   0.25098,   0.53831,   5.57377
 103.00000,   1.00000,   8.52000,   0.01266,   9.25116,   0.75408,   0.32285,   0.02865,   1.41701,  46.19842,   0.31447,   0.22622,   0.49213,   2.09804
 104.00000,   1.00000,   5.31000,   0.00888,  12.52937,   0.80291,   0.15654,   0.24242,   1.49973,  34.99702,   0.42490,   0.17525,   0.48530,   1.09938
 105.00000,   1.00000,  13.24000,   0.00968,   9.09471,   0.74928,   0.20666,   0.04242,   1.49927,  63.41515,   0.26451,   0.24743,   0.43677,   1.81818
 106.00000,   1.00000,   7.73000,   0.01250,   8.19102,   0.64723,   0.70844,   0.02073,   1.40303,  42.76434,   0.22420,   0.25130,   0.31429,   2.72093
 107.00000,   1.00000,   5.83000,   0.00595,   8.39160,   0.72759,   0.37018,   0.05010,   1.48949,  63.19415,   0.26743,   0.21871,   0.41677,   4.01493
 108.00000,   1.00000,   5.93000,   0.02618,   6.29159,   0.61850,   0.57513,   0.03082,   1.48398,  42.09882,   0.29350,   0.16389,   0.41222,  10.23529
 109.00000,   1.00000,   6.96000,   0.00746,   7.17418,   0.65813,   0.14414,   0.03920,   1.43599,  61.06335,   0.23196,   0.23560,   0.34049,   1.50467
 110.00000,   1.00000,   8.04000,   0.00586,  14.89493,   0.91949,   0.59337,   0.13581,   1.53080,  36.82499,   0.52213,   0.23995,   0.49289,   0.67869
 111.00000,   1.00000,   8.13000,   0.01355,  10.33004,   0.78798,   0.37367,   0.03316,   1.55726,  54.64917,   0.31063,   0.26811,   0.51030,   3.29070
 112.00000,   1.00000,   6.47000,   0.01786,   8.30412,   0.67414,   0.71602,   0.04479,   1.39689,  30.09473,   0.31431,   0.12373,   0.37396,   5.00000
 113.00000,   1.00000,   6.66000,   0.00683,   9.62433,   0.77411,   0.48948,   0.01516,   1.42808,  51.43674,   0.27133,   0.23311,   0.49242,   1.71296
 114.00000,   1.00000,   7.11000,   0.00723,  13.89010,   0.91070,   0.35890,   0.11673,   1.52588,  34.27822,   0.43457,   0.24134,   0.57029,   2.64035
 115.00000,   1.00000,  13.19000,   0.01761,   8.17458,   0.68136,   0.53582,   0.04320,   1.46571,  43.59146,   0.31073,   0.23568,   0.54651,   3.30303
 116.00000,   1.00000,   5.80000,   0.01653,   5.60289,   0.59631,   0.42900,   0.18990,   1.46434,  66.46216,   0.26068,   0.15697,   0.37659,   0.39080
 117.00000,   1.00000,   9.05000,   0.01014,   8.62659,   0.70625,   0.08752,   0.03225,   1.50085,  56.87210,   0.28501,   0.26874,   0.45937,   2.40230
 118.00000,   1.00000,   5.60000,   0.02312,   6.61419,   0.61564,   0.68526,   0.03163,   1.34885,  36.85569,   0.29537,   0.16801,   0.28456,   3.32500
 119.00000,   1.00000,   7.39000,   0.00633,   8.18475,   0.67432,   0.67248,   0.02397,   1.51098,  40.10065,   0.25835,   0.20721,   0.37950,   4.44827
 120.00000,   1.00000,  13.78000,   0.01282,   7.13160,   0.67450,   0.63055,   0.03586,   1.32512,  50.57614,   0.19699,   0.18512,   0.33773,   1.19718
 121.00000,   1.00000,   9.40000,   0.03145,   7.61163,   0.64956,   0.62845,   0.03332,   1.53141,  35.10347,   0.29186,   0.13191,   0.42845,   8.93749
 122.00000,   1.00000,  11.39000,   0.03012,   8.59353,   0.74334,   0.55626,   0.05951,   1.37110,  22.51813,   0.34176,   0.16508,   0.41083,   8.76470
 123.00000,   1.00000,   7.83000,   0.02349,   8.72217,   0.71796,   0.75381,   0.02146,   1.47887,  46.85304,   0.29951,   0.23018,   0.48949,   2.38636
 124.00000,   1.00000,   6.60000,   0.00802,  12.87499,   0.85449,   0.47284,   0.18064,   1.52952,  40.39949,   0.50481,   0.29421,   0.53611,   0.34501
 125.00000,   1.00000,  11.46000,   0.01866,   7.79772,   0.69409,   0.57086,   0.02676,   1.45990,  39.93288,   0.29997,   0.23532,   0.52973,   3.62069
 126.00000,   1.00000,   9.37000,   0.01812,   8.00998,   0.71071,   0.06488,   0.17907,   1.49805,  45.02237,   0.30694,   0.17881,   0.50942,   3.75862
 127.00000,   1.00000,   8.59000,   0.00667,  14.68989,   0.94764,   0.40923,   0.04945,   1.52758,  50.64130,   0.41228,   0.26404,   0.37653,   2.51562
 128.00000,   1.00000,  14.24000,   0.00699,   6.81889,   0.64698,   0.66326,   0.02299,   1.46410,  31.79813,   0.29755,   0.11781,   0.41162,   9.99999
 129.00000,   1.00000,   7.71000,   0.01415,  10.78225,   0.78839,   0.50806,   0.05523,   1.52588,  42.51718,   0.43191,   0.29784,   0.54893,   2.47541
 130.00000,   1.00000,   6.09000,   0.00311,   8.81977,   0.73987,   0.46397,   0.05801,   1.49048,  53.21039,   0.26781,   0.22554,   0.46590,   2.78823
 131.00000,   1.00000,   5.82000,   0.00857,   9.88334,   0.77274,   0.61629,   0.02988,   1.51954,  47.69356,   0.33366,   0.26012,   0.31824,   1.07101
 132.00000,   1.00000,   6.55000,   0.00898,   8.95834,   0.73332,   0.52413,   0.05696,   1.45463,  48.54557,   0.33791,   0.32026,   0.37115,   1.27211
 133.00000,   1.00000,  13.42000,   0.00990,  10.94272,   0.80483,   0.25132,   0.09221,   1.51112,  48.22826,   0.38989,   0.24259,   0.46346,   1.03015
 134.00000,   1.00000,   6.01000,   0.01748,  10.03240,   0.77443,   0.29544,   0.05763,   1.50501,  36.17275,   0.34161,   0.18337,   0.33005,   5.21739
 135.00000,   1.00000,  13.75000,   0.01980,  10.76440,   0.80042,   0.55919,   0.06209,   1.48371,  49.58813,   0.37810,   0.23851,   0.37630,   4.11392
 136.00000,   1.00000,   7.29000,   0.00524,   8.88224,   0.72375,   0.57994,   0.03757,   1.47402,  38.01814,   0.31331,   0.22868,   0.40140,   1.09890
 137.00000,   1.00000,   5.04000,   0.02256,   7.10742,   0.65955,   0.69310,   0.04868,   1.49890,  33.77330,   0.29323,   0.11898,   0.46202,   1.50943
 138.00000,   1.00000,   6.58000,   0.01531,   6.20334,   0.57449,   0.67311,   0.09805,   1.45056,  55.39137,   0.25108,   0.18671,   0.39830,   0.36111
 139.00000,   1.00000,   9.58000,   0.01423,   8.52955,   0.72350,   0.40535,   0.04338,   1.41097,  42.89486,   0.31124,   0.23253,   0.41840,   3.32308
 140.00000,   1.00000,   6.09000,   0.00571,   9.24194,   0.75869,   0.52827,   0.04748,   1.41689,  51.44740,   0.30448,   0.25198,   0.30702,   1.46479
 141.00000,   1.00000,   8.03000,   0.02797,   7.37130,   0.66436,   0.68740,   0.03320,   1.42154,  45.09450,   0.23109,   0.14095,   0.36515,   1.64815
 142.00000,   1.00000,   5.97000,   0.01961,   8.00279,   0.66640,   0.63292,   0.04901,   1.48414,  31.63367,   0.29567,   0.18046,   0.43771,   7.05263
 143.00000,   1.00000,   6.12000,   0.01342,   8.74345,   0.72874,   0.15595,   0.04986,   1.30457,  43.53576,   0.31354,   0.20746,   0.37507,   2.54762
 144.00000,   1.00000,   7.38000,   0.01695,   9.68236,   0.77155,   0.03128,   0.07834,   1.46292,  47.01659,   0.23615,   0.24610,   0.41208,  25.81816
 145.00000,   1.00000,   7.54000,   0.01840,   6.68329,   0.62111,   0.73872,   0.02873,   1.33800,  31.64733,   0.29711,   0.16126,   0.38667,  11.53845
 146.00000,   1.00000,   6.28000,   0.01550,   7.35991,   0.66326,   0.69289,   0.05049,   1.47285,  30.15085,   0.29924,   0.19288,   0.26861,   2.39474
 147.00000,   1.00000,  13.74000,   0.02020,  10.05250,   0.79456,   0.32458,   0.01380,   1.37287,  39.88419,   0.34433,   0.27001,   0.34414,  13.14285
 148.00000,   1.00000,  13.49000,   0.01520,   8.66794,   0.74486,   0.41794,   0.05678,   1.45090,  48.79001,   0.32360,   0.25569,   0.44517,   1.63200
 149.00000,   1.00000,   6.45000,   0.01869,   8.29900,   0.70390,   0.68884,   0.03678,   1.34160,  62.13934,   0.25265,   0.24959,   0.24341,   1.65289
 150.00000,   1.00000,   6.08000,   0.00971,   8.90249,   0.71876,   0.16877,   0.04941,   1.46291,  59.06799,   0.26511,   0.22004,   0.49338,   1.64103
 151.00000,   1.00000,   6.24000,   0.01099,   8.84955,   0.73964,   0.51425,   0.06119,   1.49254,  30.84678,   0.33123,   0.22759,   0.45418,   3.13636
 152.00000,   1.00000,   8.49000,   0.00723,  14.82450,   0.93323,   0.27397,   0.09621,   1.51720,  39.83042,   0.56715,   0.25392,   0.56459,   0.88737
 153.00000,   1.00000,  11.05000,   0.01515,   6.47625,   0.59577,   0.86257,   0.02662,   1.37288,  42.30161,   0.20408,   0.20570,   0.31000,   1.12903
 154.00000,   1.00000,   6.23000,   0.01887,   5.96297,   0.61226,   0.76892,   0.01440,   1.41756,  57.82923,   0.15287,   0.12176,   0.33630,   6.06666
 155.00000,   1.00000,  10.03000,   0.00625,   9.00344,   0.70471,   0.65022,   0.02830,   1.52449,  31.70992,   0.32829,   0.25474,   0.29915,   1.75862
 156.00000,   1.00000,  14.68000,   0.01003,  13.04421,   0.83991,   0.48642,   0.10033,   1.50171,  24.88307,   0.41198,   0.21202,   0.46732,  10.96000
 157.00000,   1.00000,   7.47000,   0.01929,   9.26575,   0.75253,   0.33721,   0.03857,   1.53265,  52.46788,   0.29118,   0.22875,   0.53946,   2.30851
 158.00000,   1.00000,   9.34000,   0.00993,   7.98480,   0.68887,   0.33384,   0.04359,   1.42156,  53.87915,   0.29684,   0.22014,   0.42384,   2.72839
 159.00000,   1.00000,   7.00000,   0.02190,   6.55110,   0.59182,   0.81440,   0.01506,   1.41147,  43.92791,   0.20883,   0.15312,   0.44495,   2.51282
 160.00000,   1.00000,   7.16000,   0.01571,   8.07495,   0.67853,   0.53502,   0.03052,   1.50248,  37.72612,   0.27975,   0.17034,   0.40060,   5.82143
 161.00000,   1.00000,   6.34000,   0.01597,   9.32291,   0.74616,   0.39785,   0.03805,   1.44988,  39.82409,   0.34337,   0.22256,   0.29719,  12.60869
 162.00000,   1.00000,   7.40000,   0.01109,  13.16259,   0.83750,   0.30522,   0.06266,   1.52124,  40.05134,   0.50251,   0.27731,   0.52237,   1.80124
 163.00000,   1.00000,   6.40000,   0.00943,   3.44042,   0.48160,   0.67877,   0.00962,   1.56595, 133.32292,   0.07010,   0.12693,   0.38466,  34.33322
 164.00000,   1.00000,   5.92000,   0.00549,  11.07593,   0.82109,   0.08926,   0.05823,   1.46945,  44.63087,   0.34385,   0.22697,   0.47687,   5.27586
 165.00000,   1.00000,  12.21000,   0.02985,   7.86262,   0.66368,   0.83127,   0.02300,   1.49416,  29.39096,   0.27390,   0.17594,   0.36977,  18.14283
 166.00000,   1.00000,   5.89000,   0.01130,   8.97563,   0.73534,   0.66714,   0.01320,   1.29735,  26.23009,   0.35880,   0.17384,   0.39958,   3.78378
 167.00000,   1.00000,   5.58000,   0.01408,   7.38482,   0.64720,   0.70372,   0.02773,   1.53579,  40.49445,   0.26301,   0.19096,   0.32260,   2.73684
 168.00000,   1.00000,   6.30000,   0.01295,  11.67682,   0.81086,   0.45262,   0.03140,   1.54338,  41.61274,   0.51063,   0.26342,   0.43514,   1.18079
 169.00000,   1.00000,   7.82000,   0.00552,   9.97085,   0.77520,   0.29192,   0.02769,   1.50422,  44.21071,   0.32323,   0.25782,   0.54854,   7.41860
 170.00000,   1.00000,   8.24000,   0.00755,   7.79099,   0.68924,   0.24195,   0.04154,   1.46957,  58.85014,   0.26899,   0.18220,   0.48703,   1.78947
 171.00000,   1.00000,   8.16000,   0.02007,  10.03469,   0.77194,   0.46269,   0.07472,   1.46582,  47.51214,   0.30066,   0.16564,   0.43368,   1.93137
 172.00000,   1.00000,  11.43000,   0.01596,   7.44543,   0.62733,   0.62648,   0.02584,   1.48352,  36.56109,   0.31507,   0.16448,   0.46398,  10.74999
 173.00000,   1.00000,   6.73000,   0.00727,   7.71157,   0.68925,   0.48120,   0.04296,   1.46939,  65.97999,   0.26317,   0.21569,   0.42297,   1.72277
 174.00000,   1.00000,  13.42000,   0.01429,   7.38714,   0.67673,   0.62456,   0.05158,   1.40894,  32.28062,   0.28623,   0.13644,   0.33638,   5.66666
 175.00000,   1.00000,   5.70000,   0.02703,   6.04230,   0.56036,   0.85234,   0.03826,   1.43150,  40.56052,   0.26592,   0.18204,   0.23302,   3.35294
 176.00000,   1.00000,   9.68000,   0.00896,  11.13019,   0.82374,   0.40367,   0.09554,   1.42513,  41.73965,   0.32868,   0.20898,   0.30746,   1.12025
 177.00000,   1.00000,   6.16000,   0.00730,   9.19187,   0.74231,   0.36288,   0.02481,   1.52046,  51.83415,   0.25436,   0.22246,   0.41980,  20.07691
 178.00000,   1.00000,   9.35000,   0.02532,   7.55716,   0.67118,   0.66617,   0.03150,   1.28569,  23.15406,   0.32902,   0.17455,   0.46127,  13.36362
 179.00000,   1.00000,   6.12000,   0.01149,   7.92737,   0.69053,   0.18391,   0.02090,   1.50726,  49.98506,   0.27537,   0.19823,   0.44237,   7.41935
 180.00000,   1.00000,   5.98000,   0.02027,   7.44340,   0.68287,   0.54745,   0.08962,   1.45367,  36.30590,   0.28367,   0.17113,   0.50806,   1.02740
 181.00000,   1.00000,   8.03000,   0.00785,  11.50012,   0.83120,   0.07403,   0.08723,   1.48275,  47.20316,   0.33925,   0.21189,   0.58570,   1.63448
 182.00000,   1.00000,   6.59000,   0.00292,   9.18636,   0.75190,   0.38547,   0.05852,   1.47639,  59.58615,   0.31380,   0.24528,   0.52857,   1.00000
 183.00000,   1.00000,   9.82000,   0.00806,  10.47317,   0.75919,   0.31975,   0.07810,   1.33241,  37.71693,   0.36858,   0.23194,   0.56414,   1.83969
 184.00000,   1.00000,   8.20000,   0.00285,  11.10201,   0.77506,   0.31168,   0.02420,   1.49454,  36.42320,   0.49072,   0.22854,   0.48026,   2.10619
 185.00000,   1.00000,   5.97000,   0.00815,  13.31413,   0.87027,   0.11236,   0.06887,   1.53687,  35.38093,   0.52104,   0.13788,   0.49465,   0.70370
 186.00000,   1.00000,   9.97000,   0.01471,   8.43776,   0.69141,   0.37893,   0.01117,   1.53559,  50.82529,   0.25077,   0.21467,   0.60371,   7.50000
 187.00000,   1.00000,  10.05000,   0.01597,  10.71248,   0.74172,   0.49014,   0.09893,   1.53142,  47.44435,   0.31930,   0.24995,   0.46339,   3.06493
 188.00000,   1.00000,   9.98000,   0.01240,  10.70871,   0.73716,   0.57146,   0.17344,   1.37962,  30.30762,   0.37726,   0.19426,   0.41200,   2.02500
 189.00000,   1.00000,   8.89000,   0.02041,  11.29787,   0.80441,   0.55653,   0.07130,   1.46441,  42.70211,   0.32027,   0.21793,   0.41984,   7.79487
 190.00000,   1.00000,   6.58000,   0.00651,   8.93464,   0.73631,   0.20130,   0.04959,   1.50886,  55.12622,   0.29044,   0.22325,   0.43606,   9.96428
 191.00000,   1.00000,  14.46000,   0.00676,   8.59181,   0.69134,   0.55128,   0.01287,   1.34747,  39.96372,   0.30473,   0.27223,   0.29732,   5.43478
 192.00000,   1.00000,   5.07000,   0.01894,   8.67410,   0.75889,   0.17881,   0.06904,   1.45076,  45.12149,   0.29776,   0.19545,   0.40907,   8.77777
 193.00000,   1.00000,   5.48000,   0.00613,   8.18776,   0.70800,   0.69031,   0.02567,   1.47079,  36.03230,   0.27488,   0.17505,   0.33623,   7.15000
 194.00000,   1.00000,   8.20000,   0.00255,  12.28750,   0.83575,   0.42421,   0.02082,   1.41339,  44.08920,   0.33718,   0.25779,   0.53058,   2.40870
 195.00000,   1.00000,   8.42000,   0.00990,   5.40282,   0.56708,   0.83468,   0.04674,   1.38831,  33.78894,   0.24429,   0.12422,   0.40187,   1.97059
 196.00000,   1.00000,   5.83000,   0.01724,   8.93780,   0.75811,   0.55657,   0.04841,   1.45391,  28.23901,   0.32021,   0.15349,   0.47232,   1.80645
 197.00000,   1.00000,   5.64000,   0.01899,   9.20600,   0.74969,   0.22162,   0.03655,   1.51020,  58.38771,   0.28265,   0.23854,   0.46774,   2.19192
 198.00000,   1.00000,   7.90000,   0.01429,   8.04453,   0.70796,   0.36848,   0.04428,   1.45973,  45.76396,   0.26511,   0.21390,   0.53322,   7.00000
 199.00000,   1.00000,  14.23000,   0.01463,  10.00127,   0.77768,   0.33061,   0.06442,   1.52203,  39.45413,   0.32139,   0.19940,   0.31474,   0.72269
 200.00000,   2.00000,   5.64000,   0.01478,  13.04739,   0.53045,   0.94468,   0.03781,   0.90835,  14.47447,   0.40309,   0.03444,   0.33141,   3.61364
 201.00000,   2.00000,   7.82000,   0.00504, 277.54947,   3.63619,   0.81397,   0.06601,   1.55608,   2.56543,   5.05139,   0.01857,   0.38621,   9.23711
 202.00000,   2.00000,   8.99000,   0.01163,  21.95217,   0.53693,   0.95634,   0.00425,   0.09982,  10.42160,   0.68618,   0.02420,   0.33486,   0.09904
 203.00000,   2.00000,   7.30000,   0.02632,  14.53158,   0.53761,   0.92981,   0.00784,   0.05539,  18.54907,   0.49452,   0.08277,   0.41397,   3.43333
 204.00000,   2.00000,   7.50000,   0.00375,1275.06934,   8.45624,   0.95376,   0.00317,   1.56151,   1.00652,  12.22259,   0.06882,   0.38932,   0.49265
 205.00000,   2.00000,   8.97000,   0.03738,   5.97937,   0.34859,   0.98880,   0.00194,   0.39171,  35.73553,   0.14387,   0.02251,   0.13996,   0.01905
 206.00000,   2.00000,   6.59000,   0.02027,   4.63516,   0.25238,   0.97706,   0.00745,   0.28991,  36.18724,   0.18927,   0.02057,   0.31279,   2.02041
 207.00000,   2.00000,   8.17000,   0.00907,  51.38210,   0.96736,   0.97380,   0.01096,   1.45761,   6.60133,   0.83227,   0.01367,   0.37462,   0.97758
 208.00000,   2.00000,   4.15000,   0.00844, 217.65511,   2.89222,   0.94880,   0.03767,   1.54022,   2.54723,   3.94899,   0.00941,   0.33012,   1.39595
 209.00000,   2.00000,   7.10000,   0.00468,  27.33938,   0.44245,   0.63265,   0.01657,   0.20580,  13.54366,   0.72443,   0.01565,   0.44836,   0.04910
 210.00000,   2.00000,   8.13000,   0.00486,  77.63789,   1.09075,   0.89602,   0.01775,   1.04760,   6.73432,   1.43428,   0.01877,   0.28272,   0.66937
 211.00000,   2.00000,   6.63000,   0.04348,   3.91519,   0.24720,   0.97225,   0.00651,   0.26437,  46.91326,   0.17581,   0.03727,   0.48199,   7.62500
 212.00000,   2.00000,   8.19000,   0.02885,   7.11577,   0.30885,   0.96428,   0.01040,   0.12253,  25.36819,   0.28667,   0.04848,   0.48323,   0.74790
 213.00000,   2.00000,   9.45000,   0.00333,1887.22937,   9.22680,   0.94942,   0.00744,   1.54961,   0.57406,  17.64213,   0.07342,   0.48877,   0.43730
 214.00000,   2.00000,   5.21000,   0.02000,   6.14695,   0.20865,   0.97832,   0.00291,   0.12936,  39.13685,   0.23897,   0.02873,   0.44612,   7.69565
 215.00000,   2.00000,   8.84000,   0.00418, 938.87531,   6.87476,   0.77770,   0.11616,   1.54002,   0.75735,  14.73505,   0.02610,   0.34292,   2.04883
 216.00000,   2.00000,   5.39000,   0.00444, 676.19897,   6.44197,   0.40831,   0.13969,   1.55993,   1.47256,  10.01355,   0.02407,   0.75848,   1.82046
 217.00000,   2.00000,  10.21000,   0.00529, 103.30141,   1.75874,   0.81274,   0.10389,   1.55982,   2.08200,   3.37064,   0.02399,   0.33126,   0.19243
 218.00000,   2.00000,   7.30000,   0.00800,  13.05397,   0.31364,   0.97907,   0.00298,   0.10829,  24.88533,   0.30597,   0.01600,   0.35152,   3.03226
 219.00000,   2.00000,   7.64000,   0.03846,   4.00395,   0.32837,   0.95504,   0.02627,   0.14686,  52.16162,   0.16795,   0.06831,   0.47543,  14.59999
 220.00000,   2.00000,   4.30000,   0.00564, 985.69141,   7.81651,   0.98710,   0.00576,   1.55278,   0.85770,  12.84769,   0.03273,   0.68533,   2.26519
 221.00000,   2.00000,   6.89000,   0.02067,  27.02599,   0.80889,   0.93040,   0.03353,   1.12690,  13.57975,   0.69083,   0.04161,   0.50742,   3.60714
 222.00000,   2.00000,   7.49000,   0.01091,  10.49598,   0.38829,   0.90332,   0.01017,   0.03638,  25.45030,   0.41200,   0.07252,   0.44601,   1.86458
 223.00000,   2.00000,   7.86000,   0.01361,  18.68611,   0.68705,   0.99084,   0.00550,   1.01260,   9.83098,   0.65926,   0.04209,   0.50204,   2.34091
 224.00000,   2.00000,   8.38000,   0.00206, 647.78528,   5.70838,   0.97393,   0.00724,   1.54257,   1.06031,  10.21285,   0.03308,   0.35876,   1.21061
 225.00000,   2.00000,   5.54000,   0.01172,  23.48526,   0.58532,   0.98587,   0.01204,   0.18349,  11.54807,   0.51698,   0.02117,   0.38418,   4.22449
 226.00000,   2.00000,   7.12000,   0.00129, 751.64935,   6.57045,   0.89429,   0.01519,   1.53619,   1.32261,   7.17748,   0.03520,   0.41882,   3.16043
 227.00000,   2.00000,   6.41000,   0.00467,  89.33231,   1.72072,   0.96065,   0.02952,   1.42966,   4.56458,   1.25943,   0.06066,   0.30050,   4.35000
 228.00000,   2.00000,   5.69000,   0.02357,  30.39240,   0.96343,   0.96495,   0.01138,   1.54192,   7.59881,   0.94015,   0.03532,   0.27441,   1.06250
 229.00000,   2.00000,   3.66000,   0.02284, 139.10838,   2.60564,   0.67165,   0.10501,   1.53075,   2.10869,   3.60589,   0.05886,   0.30949,   1.25143
 230.00000,   2.00000,   7.82000,   0.01453,  17.41073,   0.33879,   0.91475,   0.01276,   0.04034,  22.80770,   0.46947,   0.01356,   0.33776,   1.41520
 231.00000,   2.00000,   4.90000,   0.05882,   6.48463,   0.57840,   0.75491,   0.07902,   1.44894,  18.20601,   0.42444,   0.06222,   0.40438,   6.00000
 232.00000,   2.00000,   7.34000,   0.00743, 138.20512,   2.21590,   0.95162,   0.00884,   1.55485,   3.41028,   3.56854,   0.01474,   0.41911,   5.34906
 233.00000,   2.00000,   4.91000,   0.01210, 145.16951,   2.63496,   0.92583,   0.00720,   1.56247,   2.12370,   2.94325,   0.02955,   0.50454,   0.55486
 234.00000,   2.00000,   8.53000,   0.00355, 770.63812,   6.65814,   0.77719,   0.12276,   1.56000,   1.35698,  10.49939,   0.08221,   0.47481,   0.76408
 235.00000,   2.00000,   6.69000,   0.01025, 110.72543,   2.04827,   0.91292,   0.03807,   1.50277,   2.96147,   2.37361,   0.04815,   0.27143,   0.19315
 236.00000,   2.00000,   7.84000,   0.02167,  14.84627,   0.43972,   0.96524,   0.00974,   0.38200,  16.74385,   0.41165,   0.02748,   0.22576,   0.32922
 237.00000,   2.00000,   4.45000,   0.02703,  12.91195,   0.82212,   0.73784,   0.04635,   1.53870,   7.01268,   0.62054,   0.10232,   0.37070,   2.58064
 238.00000,   2.00000,   4.00000,   0.03101,   3.83930,   0.27266,   0.96530,   0.00787,   0.07121,  46.60295,   0.18403,   0.03488,   0.40604,  13.33332
 239.00000,   2.00000,   4.54000,   0.02888,  30.40672,   1.03502,   0.96053,   0.00858,   1.56175,   7.38480,   1.28437,   0.08408,   0.44923,   3.94643
 240.00000,   2.00000,   9.08000,   0.01838,  54.10516,   0.92328,   0.93319,   0.01114,   1.52829,   8.43087,   1.19102,   0.01364,   0.31509,   5.04444
 241.00000,   2.00000,   5.40000,   0.03797,  28.20844,   0.97845,   0.96651,   0.02326,   1.52311,   6.26567,   0.88161,   0.05508,   0.37540,   2.16000
 242.00000,   2.00000,   7.68000,   0.03378,  10.27328,   0.45431,   0.97061,   0.00841,   0.09024,  12.08980,   0.48803,   0.06525,   0.12494,   3.22857
 243.00000,   2.00000,   4.17000,   0.06250,   3.65116,   0.29595,   0.95593,   0.00975,   0.04729,  37.60089,   0.17898,   0.03688,   0.38889,   5.22222
 244.00000,   2.00000,   6.33000,   0.01065,  28.06772,   0.43663,   0.97937,   0.00805,   0.02165,  13.83583,   0.74571,   0.01384,   0.52656,   1.02154
 245.00000,   2.00000,   8.53000,   0.00676, 386.32404,   4.83828,   0.92766,   0.02101,   1.54666,   1.77191,   7.68871,   0.01919,   0.47013,   1.79245
 246.00000,   2.00000,   6.13000,   0.00295, 349.94092,   4.32290,   0.62236,   0.09836,   1.54361,   2.09260,   7.57092,   0.03803,   0.36900,   0.74742
 247.00000,   2.00000,   7.86000,   0.00151,2854.74097,   8.14147,   0.96420,   0.00950,   1.55319,   0.74876,  22.71347,   0.11666,   0.54102,   0.61861
 248.00000,   2.00000,   5.23000,   0.00171,1536.53052,   9.04036,   0.81527,   0.13367,   1.53654,   0.59602,  14.89080,   0.06658,   0.28805,   1.87418
 249.00000,   2.00000,   5.65000,   0.00327,  51.84994,   1.12996,   0.68248,   0.03146,   0.59761,   9.05642,   1.00240,   0.02874,   0.35578,   0.98377
 250.00000,   2.00000,   4.25000,   0.01688,  78.56157,   1.88688,   0.89751,   0.00104,   1.54579,   6.15611,   1.04148,   0.00618,   0.30050,   0.82308
 251.00000,   2.00000,   9.90000,   0.00272, 633.66119,   6.13176,   0.82778,   0.06065,   1.56116,   0.93741,   8.71895,   0.01244,   0.64343,   0.03672
 252.00000,   2.00000,   6.85000,   0.00265,1212.65186,   8.19419,   0.90969,   0.00766,   1.55956,   0.80986,  13.21773,   0.02513,   0.37298,   0.25332
 253.00000,   2.00000,   7.82000,   0.02115,  13.05749,   0.42232,   0.55005,   0.05277,   0.00160,  17.10023,   0.50043,   0.04208,   0.07128,   0.06090
 254.00000,   2.00000,   6.05000,   0.02198,   7.37954,   0.35637,   0.98054,   0.01162,   0.22481,  32.71560,   0.24334,   0.03240,   0.07909,   1.60000
 255.00000,   2.00000,   6.38000,   0.03756,  10.70221,   0.43217,   0.97832,   0.01345,   0.62262,  31.03185,   0.27841,   0.02313,   0.07797,   3.43750
 256.00000,   2.00000,   3.15000,   0.00787, 145.70134,   2.24859,   0.93881,   0.00595,   1.52043,   3.92851,   3.72892,   0.01980,   0.32639,   2.46995
 257.00000,   2.00000,   8.26000,   0.00447, 511.30219,   4.81660,   0.76324,   0.07000,   1.53664,   1.42577,   8.15025,   0.04542,   0.28952,   1.70944
 258.00000,   2.00000,   7.60000,   0.00661,  14.87010,   0.31587,   0.63510,   0.01385,   0.02436,  24.92995,   0.62917,   0.08919,   0.54381,   2.08673
 259.00000,   2.00000,   6.24000,   0.00738,  10.47180,   0.27691,   0.90433,   0.01487,   0.03260,  23.79327,   0.38287,   0.03106,   0.40323,   0.07115
 260.00000,   2.00000,   6.26000,   0.01465,  56.09475,   1.22136,   0.81605,   0.01717,   1.51622,   7.06153,   1.41256,   0.04805,   0.49484,   3.96364
 261.00000,   2.00000,   6.76000,   0.00116, 778.46948,   6.14470,   0.20215,   0.23496,   1.54898,   1.36739,   9.73306,   0.02342,   0.35958,   1.97251
 262.00000,   2.00000,   7.19000,   0.01923,  29.69667,   0.86973,   0.82305,   0.09226,   1.28227,   6.07160,   0.91303,   0.05704,   0.32528,   1.82609
 263.00000,   2.00000,   5.35000,   0.01630,  10.63810,   0.55334,   0.94574,   0.01480,   1.16416,  18.06869,   0.39263,   0.03580,   0.25374,   4.41176
 264.00000,   2.00000,   7.14000,   0.00531,  22.49313,   0.54471,   0.91878,   0.00770,   0.06870,  11.24623,   0.47807,   0.02391,   0.15922,   2.59048
 265.00000,   2.00000,   4.86000,   0.00507, 330.59219,   3.08024,   0.98415,   0.00185,   1.56579,   2.62016,   4.37797,   0.03652,   0.48034,   9.20690
 266.00000,   2.00000,   5.50000,   0.00111, 624.81567,   5.57691,   0.97639,   0.00730,   1.56671,   1.68606,   8.38633,   0.03697,   0.37520,   1.31410
 267.00000,   2.00000,   6.19000,   0.00612,  92.40558,   1.91239,   0.81891,   0.03170,   1.55258,   3.64865,   2.16992,   0.01850,   0.23275,   0.27937
 268.00000,   2.00000,   5.61000,   0.03409,   5.46819,   0.31535,   0.96084,   0.01130,   0.07394,  35.86143,   0.21129,   0.05240,   0.49069,   6.65217
 269.00000,   2.00000,   7.36000,   0.02488,   9.63763,   0.60051,   0.76785,   0.16904,   1.06609,  14.87008,   0.50726,   0.07076,   0.31360,   0.79464
 270.00000,   2.00000,   7.35000,   0.01690,  45.93197,   1.05847,   0.97022,   0.00735,   1.50162,   5.79814,   1.11419,   0.01199,   0.18031,   1.00565
 271.00000,   2.00000,   5.81000,   0.01067,  16.60753,   0.56122,   0.84790,   0.01892,   0.56590,  26.05808,   0.49647,   0.05195,   0.49670,   3.93421
 272.00000,   2.00000,   7.88000,   0.03318,  15.53287,   0.92643,   0.46275,   0.03071,   1.54526,  12.86743,   0.59332,   0.04139,   0.43397,  10.72222
 273.00000,   2.00000,   6.03000,   0.00177, 101.76958,   1.92701,   0.98978,   0.00240,   1.55654,   3.60340,   2.98524,   0.02761,   0.33102,   0.59437
 274.00000,   2.00000,   4.87000,   0.02273,   8.93452,   0.27705,   0.99231,   0.00165,   0.15815,  21.72021,   0.29489,   0.03875,   0.04989,   5.51852
 275.00000,   2.00000,   6.38000,   0.00829, 143.05705,   2.51149,   0.89770,   0.01624,   1.55217,   2.59124,   4.66749,   0.02615,   0.33968,   0.53066
 276.00000,   2.00000,   7.03000,   0.02692,  22.33552,   0.70559,   0.91623,   0.03805,   1.44012,  16.31054,   0.55595,   0.04583,   0.28961,  11.99999
 277.00000,   2.00000,   7.24000,   0.01918,  19.85199,   0.59623,   0.95315,   0.01367,   0.22000,  10.34937,   0.62460,   0.06126,   0.43056,   0.17742
 278.00000,   2.00000,   4.32000,   0.00605,  87.11785,   1.43495,   0.97833,   0.00329,   1.36982,   3.55233,   1.75572,   0.05489,   0.10685,   0.15618
 279.00000,   2.00000,   5.09000,   0.01290, 106.37486,   2.33816,   0.97678,   0.00478,   1.54975,   2.12759,   2.77493,   0.03165,   0.33854,   1.06667
 280.00000,   2.00000,   7.57000,   0.02555,  33.94061,   1.27855,   0.68611,   0.04478,   1.48545,  11.11077,   1.01569,   0.02313,   0.32309,   1.76768
 281.00000,   2.00000,   7.13000,   0.01308,  28.78128,   0.49261,   0.92579,   0.00582,   0.12741,  11.24105,   0.78523,   0.02412,   0.30434,   0.47790
 282.00000,   2.00000,   6.87000,   0.03089,  37.61879,   1.09252,   0.83327,   0.03067,   1.55676,   5.80377,   1.27951,   0.02713,   0.20843,   2.08333
 283.00000,   2.00000,   3.89000,   0.03419,  10.16894,   0.35955,   0.96805,   0.01165,   0.19042,  24.93994,   0.29569,   0.01672,   0.12389,  18.49998
 284.00000,   2.00000,   4.95000,   0.00220, 307.30862,   3.94123,   0.75609,   0.01108,   1.53850,   1.56783,   6.52150,   0.14188,   0.42238,   0.56822
 285.00000,   2.00000,   6.42000,   0.00447, 402.74103,   4.71836,   0.55543,   0.03324,   1.55178,   0.93254,   7.45165,   0.04170,   0.33190,   0.09820
 286.00000,   2.00000,   8.26000,   0.00388, 923.91357,   7.04736,   0.25676,   0.22183,   1.53862,   0.82972,  13.21275,   0.03584,   0.54993,   0.03438
 287.00000,   2.00000,   8.54000,   0.05333,  12.82781,   0.60790,   0.73644,   0.10432,   1.53388,  10.17140,   0.70349,   0.06852,   0.28072,   0.78571
 288.00000,   2.00000,   8.45000,   0.00258,1066.46216,   6.49829,   0.94474,   0.00890,   1.54600,   1.17109,  12.29293,   0.05656,   0.39774,   1.09001
 289.00000,   2.00000,   8.52000,   0.00184,1847.14307,   9.81968,   0.88544,   0.01021,   1.56180,   0.85058,  14.72677,   0.07271,   0.36538,   1.10207
 290.00000,   2.00000,   8.82000,   0.01235,  34.37305,   0.52592,   0.82560,   0.11279,   0.54173,  19.11482,   0.64951,   0.00442,   0.40403,   2.80537
 291.00000,   2.00000,   4.58000,   0.01087,  23.90675,   0.35433,   0.67751,   0.01689,   0.05791,  27.62526,   0.84213,   0.03272,   0.46984,   2.01639
 292.00000,   2.00000,   8.20000,   0.02469,   4.04239,   0.25615,   0.89203,   0.00949,   0.10025,  46.34766,   0.20018,   0.16360,   0.42390,   1.74576
 293.00000,   2.00000,   6.61000,   0.02449,  32.02524,   1.05703,   0.98132,   0.00301,   1.54255,   6.69319,   1.10641,   0.04961,   0.41243,   7.44827
 294.00000,   2.00000,   7.64000,   0.01806,  81.36749,   2.09242,   0.04341,   0.08187,   1.55618,   4.49690,   1.88194,   0.04648,   0.37290,   4.75325
 295.00000,   2.00000,   6.10000,   0.00975, 131.13577,   1.06195,   0.99013,   0.00074,   0.05394,   3.96238,   1.54437,   0.00430,   0.36730,   1.87200
 296.00000,   2.00000,   4.78000,   0.01209,  37.08084,   0.58291,   0.87152,   0.01461,   0.08766,  11.08394,   0.58358,   0.00799,   0.44006,   1.93909
 297.00000,   2.00000,   7.31000,   0.00820,  15.98429,   0.40019,   0.91169,   0.00686,   0.10957,  18.41977,   0.47008,   0.04010,   0.42888,   2.05000
 298.00000,   2.00000,   8.52000,   0.00909,  29.31763,   0.96969,   0.78202,   0.02660,   1.49471,  12.47150,   0.92290,   0.03714,   0.36312,   3.28571
 299.00000,   2.00000,   6.25000,   0.01176,  24.94483,   0.91762,   0.86757,   0.00688,   1.54583,   8.03604,   0.78843,   0.03215,   0.29843,   6.72727
 300.00000,   3.00000,  15.93000,   0.04819,  21.49934,   0.96482,   0.90779,   0.01361,   0.04868,   1.85548,   2.23867,   0.07242,   0.19232,   2.95238
 301.00000,   3.00000,  17.45000,   0.09239,   5.74676,   0.60902,   0.43572,   0.36495,   0.02316,   6.41168,   0.76902,   0.05664,   0.28735,   4.41176
 302.00000,   3.00000,  16.61000,   0.07965,   7.66153,   0.68188,   0.51758,   0.10266,   0.15341,   3.34332,   1.72850,   0.04062,   0.27258,   2.32353
 303.00000,   3.00000,  17.26000,   0.12791,  12.88838,   0.79773,   0.73429,   0.15040,   0.13333,   2.42632,   2.42985,   0.06014,   0.30352,   1.64615
 304.00000,   3.00000,  17.24000,   0.01235,  12.41048,   0.83237,   0.70596,   0.06284,   0.28578,   5.70188,   0.87008,   0.15631,   0.27948,   2.85714
 305.00000,   3.00000,  15.07000,   0.20388,   5.28206,   0.55651,   0.82741,   0.01360,   0.09394,   5.94314,   0.94244,   0.08120,   0.27660,   0.94340
 306.00000,   3.00000,  15.34000,   0.07161,  31.05059,   1.35735,   0.69218,   0.15317,   0.02982,   2.90247,   1.65878,   0.09704,   0.21467,   2.07874
 307.00000,   3.00000,  16.17000,   0.00775,  28.28344,   0.85361,   0.76050,   0.03657,   0.01581,   1.79987,   1.62502,   0.06362,   0.12601,   2.07143
 308.00000,   3.00000,  12.26000,   0.00862,  12.35908,   0.55680,   0.96865,   0.01322,   0.03631,   8.29321,   0.87435,   0.03340,   0.40488,   7.92307
 309.00000,   3.00000,  14.12000,   0.01529,   7.88133,   0.59940,   0.65688,   0.26191,   0.02051,   9.88392,   1.13240,   0.16350,   0.56048,   3.30263
 310.00000,   3.00000,  16.57000,   0.02217,  13.89855,   0.59434,   0.42078,   0.05465,   0.01797,   6.91781,   1.14473,   0.02798,   0.37741,  10.27777
 311.00000,   3.00000,  13.73000,   0.08000,   4.55991,   0.33306,   0.75389,   0.00710,   0.00080,   7.34808,   0.75318,   0.03557,   0.36228,   7.92857
 312.00000,   3.00000,  17.11000,   0.23016,   9.12748,   0.68274,   0.86797,   0.04348,   0.19455,   2.50348,   2.59165,   0.02914,   0.29932,   1.62500
 313.00000,   3.00000,  10.98000,   0.02967,  19.56774,   0.77630,   0.95602,   0.01051,   0.01638,   6.67004,   1.08197,   0.04548,   0.29539,   9.53125
 314.00000,   3.00000,  14.59000,   0.08491,   1.31511,   0.29994,   0.98297,   0.01450,   0.00026,  14.53557,   0.36593,   0.06399,   0.34029,   1.46512
 315.00000,   3.00000,  12.33000,   0.13393,   0.89157,   0.24912,   0.98930,   0.00741,   0.01902,  19.99796,   0.34335,   0.05992,   0.49004,   1.66667
 316.00000,   3.00000,  14.97000,   0.09150,  20.44448,   0.82950,   0.73739,   0.01481,   0.01528,   2.16910,   2.33447,   0.07782,   0.30641,   4.01639
 317.00000,   3.00000,  12.63000,   0.04484,  18.66195,   0.82147,   0.60421,   0.03440,   0.18110,   3.02516,   1.56714,   0.02122,   0.24144,  10.73684
 318.00000,   3.00000,  17.51000,   0.19394,   4.19463,   0.28807,   0.65794,   0.00789,   0.00751,   7.26840,   0.97480,   0.04311,   0.25556,   4.00000
 319.00000,   3.00000,  14.79000,   0.10497,  65.30755,   0.83698,   0.55827,   0.05411,   0.03103,   0.82754,   3.64338,   0.11404,   0.20789,   0.90526
 320.00000,   3.00000,  17.20000,   0.06040,   2.34860,   0.39597,   0.93618,   0.01501,   0.04399,  10.29396,   0.55367,   0.10968,   0.36935,   3.02703
 321.00000,   3.00000,  16.26000,   0.03731,  12.72483,   0.55190,   0.54691,   0.00893,   0.01558,   6.29943,   1.15593,   0.02336,   0.26174,   6.65714
 322.00000,   3.00000,  18.30000,   0.14211,  10.98156,   0.85600,   0.33768,   0.43345,   0.00457,   3.23599,   1.06337,   0.10390,   0.33068,   2.39286
 323.00000,   3.00000,  17.04000,   0.19802,   8.25370,   0.69152,   0.86073,   0.04495,   0.02949,   3.82799,   1.22470,   0.06472,   0.19024,   3.20833
 324.00000,   3.00000,  19.47000,   0.14433,   3.05195,   0.39174,   0.48457,   0.06025,   0.01020,  10.10649,   0.78114,   0.10693,   0.38134,   4.24324
 325.00000,   3.00000,  14.95000,   0.09630,  12.48243,   0.68244,   0.94647,   0.02653,   0.03115,   2.35922,   1.11594,   0.07961,   0.20880,   1.17742
 326.00000,   3.00000,  15.31000,   0.14615,  15.97723,   0.88933,   0.87078,   0.10888,   0.01991,   2.09185,   1.04299,   0.08850,   0.24208,   2.71428
 327.00000,   3.00000,  20.16000,   0.07534,  23.65915,   1.01670,   0.41601,   0.04639,   0.02489,   2.30567,   2.84053,   0.16056,   0.21823,   3.35821
 328.00000,   3.00000,  15.24000,   0.19672,   5.25188,   0.53946,   0.65575,   0.04095,   0.03507,   5.13042,   0.93161,   0.06993,   0.23076,   1.71111
 329.00000,   3.00000,  18.24000,   0.02105,   4.43152,   0.51177,   0.81040,   0.01608,   0.02015,   6.46929,   0.78203,   0.05810,   0.32491,   3.75000
 330.00000,   3.00000,  17.00000,   0.04419,  26.47460,   0.96415,   0.45095,   0.04261,   0.01872,   2.41443,   3.16308,   0.09596,   0.24740,   4.11905
 331.00000,   3.00000,  12.90000,   0.30769,   1.24115,   0.29268,   0.98063,   0.01299,   0.01518,  18.45977,   0.35653,   0.05898,   0.34551,   1.78571
 332.00000,   3.00000,  15.09000,   0.06912,   8.58136,   0.55170,   0.68225,   0.01235,   0.06815,   4.43634,   1.08231,   0.05432,   0.24757,   2.33846
 333.00000,   3.00000,  14.69000,   0.05650,  37.25322,   1.15116,   0.95434,   0.03491,   0.06584,   0.98341,   3.05543,   0.08559,   0.31750,   0.86316
 334.00000,   3.00000,  16.79000,   0.14179,   5.55895,   0.51723,   0.83757,   0.02682,   0.03957,   4.59185,   0.98949,   0.10531,   0.28631,   1.85106
 335.00000,   3.00000,  16.36000,   0.06557,  27.73966,   1.04137,   0.68057,   0.05510,   0.22960,   2.87577,   2.02221,   0.04379,   0.25233,   7.71428
 336.00000,   3.00000,  16.21000,   0.07018,   1.33685,   0.23435,   0.98697,   0.00388,   0.02244,  10.97731,   0.46176,   0.03544,   0.36424,   1.42553
 337.00000,   3.00000,  24.90000,   0.09756,   2.13867,   0.36619,   0.94440,   0.01707,   0.02017,   9.39663,   0.63481,   0.11702,   0.31200,   2.23684
 338.00000,   3.00000,  18.02000,   0.05983,  11.75501,   0.81995,   0.92644,   0.03706,   0.06514,   1.96859,   1.06931,   0.05919,   0.20127,   3.03448
 339.00000,   3.00000,  14.85000,   0.08125,  38.51441,   0.86510,   0.60899,   0.07888,   0.04618,   0.97707,   2.85211,   0.09965,   0.14080,   3.44444
 340.00000,   3.00000,  17.03000,   0.16102,   1.93896,   0.35884,   0.89647,   0.03721,   0.05337,  13.19282,   0.52804,   0.15216,   0.44098,   3.37037
 341.00000,   3.00000,  17.74000,   0.13918,   2.60136,   0.38590,   0.78109,   0.03948,   0.02960,  12.61007,   0.60800,   0.13944,   0.28650,   2.95918
 342.00000,   3.00000,  15.05000,   0.10769,   7.01416,   0.69309,   0.90856,   0.04907,   0.06448,   3.57275,   0.81396,   0.05668,   0.29879,   3.06250
 343.00000,   3.00000,  14.78000,   0.09714,   4.95796,   0.42237,   0.64479,   0.01419,   0.01372,   8.67893,   0.72757,   0.04334,   0.32924,   4.14706
 344.00000,   3.00000,  17.74000,   0.10135,   3.57770,   0.36923,   0.71908,   0.02710,   0.04552,   9.38416,   0.70934,   0.06611,   0.26232,   6.40000
 345.00000,   3.00000,  16.52000,   0.01515,  28.05180,   1.10203,   0.26034,   0.07403,   0.01976,   2.46461,   3.17369,   0.14660,   0.26905,   4.82353
 346.00000,   3.00000,  18.76000,   0.10303,   9.13310,   0.55132,   0.40530,   0.19131,   0.04126,   3.19316,   1.48386,   0.09391,   0.24448,   2.75000
 347.00000,   3.00000,  14.40000,   0.04062,  13.85153,   0.55254,   0.57842,   0.01323,   0.00234,   5.73884,   1.26264,   0.05047,   0.33389,   8.69697
 348.00000,   3.00000,  14.97000,   0.11667,   1.24483,   0.19961,   0.95040,   0.00329,   0.01518,  14.49805,   0.40310,   0.06385,   0.40131,   1.30769
 349.00000,   3.00000,  11.08000,   0.08527,   2.25083,   0.33636,   0.39594,   0.05191,   0.01370,  22.92904,   0.32861,   0.08022,   0.52970,   2.00000
 350.00000,   3.00000,  14.02000,   0.08871,   4.49370,   0.32988,   0.70238,   0.00717,   0.02178,   8.40528,   0.65518,   0.04536,   0.34039,  11.39999
 351.00000,   3.00000,  13.08000,   0.02284,  15.09145,   0.55250,   0.70661,   0.00540,   0.02317,   5.31398,   1.50597,   0.03457,   0.41080,   7.38298
 352.00000,   3.00000,  15.84000,   0.03900,  19.78627,   0.80751,   0.71273,   0.01684,   0.00071,   3.25901,   2.37419,   0.10989,   0.32881,   4.98333
 353.00000,   3.00000,  19.07000,   0.07759,   2.91036,   0.41377,   0.59518,   0.06067,   0.00689,  13.55807,   0.65642,   0.11783,   0.38353,   5.82353
 354.00000,   3.00000,  11.06000,   0.01724,  12.91467,   0.59085,   0.98873,   0.00093,   0.08510,  10.36992,   0.98081,   0.03651,   0.39105,   7.78788
 355.00000,   3.00000,  19.41000,   0.06158,  16.70786,   0.68777,   0.59615,   0.03147,   0.01087,   3.64535,   2.09338,   0.15128,   0.28266,   4.32812
 356.00000,   3.00000,  15.11000,   0.12162,  19.50643,   0.98882,   0.89395,   0.08080,   0.01208,   1.58621,   1.73472,   0.06085,   0.25382,   2.21739
 357.00000,   3.00000,  16.08000,   0.17094,   0.96010,   0.26453,   0.98670,   0.01050,   0.04229,  20.54887,   0.35360,   0.03658,   0.36014,   1.85366
 358.00000,   3.00000,  16.95000,   0.09091,   4.15161,   0.52760,   0.30821,   0.05975,   0.02552,   9.55943,   0.81214,   0.03691,   0.29320,   4.77500
 359.00000,   3.00000,  16.01000,   0.05247,  16.90011,   1.01337,   0.57309,   0.23889,   0.18488,   3.66825,   2.06371,   0.08483,   0.34167,   6.71428
 360.00000,   3.00000,  16.56000,   0.03791,  24.11346,   0.98259,   0.90782,   0.06756,   0.01344,   2.05870,   2.65789,   0.08881,   0.19902,   3.58696
 361.00000,   3.00000,  11.01000,   0.01216,  20.85085,   1.05329,   0.28409,   0.40619,   0.19581,   9.70811,   1.53223,   0.12863,   0.33400,   4.39344
 362.00000,   3.00000,  17.44000,   0.04633,  33.61299,   0.88821,   0.42156,   0.07417,   0.01793,   2.96034,   3.06603,   0.12203,   0.25031,   9.79167
 363.00000,   3.00000,  15.17000,   0.19492,   5.27718,   0.52850,   0.97875,   0.00808,   0.01542,   3.55821,   0.84091,   0.11191,   0.26721,   1.56522
 364.00000,   3.00000,  17.02000,   0.03160,  17.85618,   0.61038,   0.65484,   0.01335,   0.03694,   6.08822,   1.17517,   0.02846,   0.39116,  19.13635
 365.00000,   3.00000,  17.33000,   0.01299,   3.45995,   0.47349,   0.92595,   0.02497,   0.04373,   6.56863,   0.75194,   0.09275,   0.28275,   2.27660
 366.00000,   3.00000,  11.14000,   0.07258,   5.18186,   0.37829,   0.75458,   0.00749,   0.01341,   6.79777,   0.74500,   0.07534,   0.33172,   9.33333
 367.00000,   3.00000,  12.02000,   0.04950,   3.53321,   0.41048,   0.77464,   0.14448,   0.00393,  18.11738,   0.53365,   0.12641,   0.55208,   2.67273
 368.00000,   3.00000,  17.28000,   0.06593,  22.31072,   0.97900,   0.84670,   0.11703,   0.00601,   2.01298,   2.60381,   0.09643,   0.24555,   2.13793
 369.00000,   3.00000,  16.43000,   0.15672,   1.80180,   0.33179,   0.80934,   0.04590,   0.01269,  13.71703,   0.48394,   0.05628,   0.33719,   3.62069
 370.00000,   3.00000,  16.93000,   0.11628,  11.72023,   0.88468,   0.67308,   0.18661,   0.07909,   3.94598,   1.75507,   0.05028,   0.22181,   4.81081
 371.00000,   3.00000,  22.90000,   0.07748,  32.00183,   0.90015,   0.49722,   0.35575,   0.02335,   2.02320,   3.39197,   0.08340,   0.22964,   5.07353
 372.00000,   3.00000,  20.67000,   0.06122,   8.87296,   0.70843,   0.74475,   0.14723,   0.02422,   2.68333,   1.44796,   0.08512,   0.20217,   2.67500
 373.00000,   3.00000,  19.43000,   0.07143,   6.02071,   0.61453,   0.04947,   0.84094,   0.01934,   4.20942,   1.33137,   0.08300,   0.23722,   3.30769
 374.00000,   3.00000,  17.28000,   0.12230,   6.42568,   0.44423,   0.87048,   0.02649,   0.01523,  10.42880,   0.67119,   0.03323,   0.24035,   1.43860
 375.00000,   3.00000,  16.45000,   0.10695,  12.68597,   0.92628,   0.44358,   0.26414,   0.03062,   2.79862,   1.52962,   0.11241,   0.26431,   5.67857
 376.00000,   3.00000,  18.76000,   0.09317,  20.40446,   0.86167,   0.59974,   0.04186,   0.04248,   1.23187,   3.51986,   0.09639,   0.15145,   2.35417
 377.00000,   3.00000,  24.87000,   0.11475,   6.48375,   0.62757,   0.44431,   0.44698,   0.03299,   3.36223,   1.81254,   0.04438,   0.21427,   2.97826
 378.00000,   3.00000,  13.62000,   0.12775,   6.50806,   0.65348,   0.65844,   0.23276,   0.01665,   7.22022,   0.94223,   0.06027,   0.29929,   4.82051
 379.00000,   3.00000,  20.68000,   0.01923,   7.95718,   0.66445,   0.60415,   0.20287,   0.82587,  13.21593,   0.71828,   0.02350,   0.25308,   0.42466
 380.00000,   3.00000,  16.28000,   0.13918,   7.16571,   0.68468,   0.68974,   0.21407,   0.01171,   5.32296,   1.20794,   0.06971,   0.22910,   3.31111
 381.00000,   3.00000,  17.30000,   0.02312,   8.20783,   0.70580,   0.46241,   0.47428,   0.05188,   3.90620,   1.32138,   0.08379,   0.21869,   2.53061
 382.00000,   3.00000,  14.04000,   0.03448,  26.11848,   0.96192,   0.80832,   0.10663,   0.02310,   1.11768,   1.83675,   0.06001,   0.22996,   2.08511
 383.00000,   3.00000,  19.16000,   0.16667,   6.82126,   0.66314,   0.38943,   0.24675,   0.01471,   5.15996,   1.38095,   0.06850,   0.23041,   4.14286
 384.00000,   3.00000,  22.35000,   0.08333,  10.87029,   0.84979,   0.58504,   0.24079,   0.00865,   3.46785,   2.16689,   0.10758,   0.21211,   5.00000
 385.00000,   3.00000,  18.69000,   0.08811,  11.95203,   0.87692,   0.43526,   0.41525,   0.00417,   3.68664,   2.02293,   0.12553,   0.20467,   6.82758
 386.00000,   3.00000,  17.22000,   0.18421,   7.03686,   0.67942,   0.46472,   0.22136,   0.02913,   5.48609,   1.13310,   0.04147,   0.22007,   4.00000
 387.00000,   3.00000,  25.83000,   0.04245,  12.04858,   0.84920,   0.48733,   0.43634,   0.00434,   1.84372,   2.31816,   0.04871,   0.23983,   3.71111
 388.00000,   3.00000,  16.42000,   0.11043,   9.85497,   0.74740,   0.41361,   0.47246,   0.06017,   3.36730,   1.84454,   0.10536,   0.19539,   3.65714
 389.00000,   3.00000,  16.33000,   0.05752,  11.45202,   0.86894,   0.72714,   0.24339,   0.02974,   4.01989,   2.06100,   0.10015,   0.21741,   4.79487
 390.00000,   3.00000,  16.42000,   0.15421,   9.27687,   0.80553,   0.70608,   0.19316,   0.00085,   4.08630,   1.37952,   0.07415,   0.26339,   5.29412
 391.00000,   3.00000,  14.85000,   0.05820,  47.26087,   1.59008,   0.49527,   0.19618,   0.08505,   0.89144,   5.13246,   0.04228,   0.20477,   4.25000
 392.00000,   3.00000,  18.64000,   0.12644,   4.68965,   0.54049,   0.51692,   0.18862,   0.00239,   6.37716,   1.06080,   0.07266,   0.21044,   4.61290
 393.00000,   3.00000,  15.27000,   0.10714,   8.60983,   0.72464,   0.29687,   0.30835,   0.05500,  10.52227,   0.48359,   0.09711,   0.24999,  12.99999
 394.00000,   3.00000,  15.19000,   0.06667,   9.43796,   0.71643,   0.45533,   0.24460,   0.03603,   3.05733,   1.11064,   0.02379,   0.23171,   4.55555
 395.00000,   3.00000,  17.26000,   0.02649,   7.41888,   0.66314,   0.85893,   0.06659,   0.06115,   3.24964,   1.46882,   0.06234,   0.27940,   2.02000
 396.00000,   3.00000,   9.01000,   0.03636,   2.06880,   0.34302,   0.57829,   0.04252,   0.02186,  21.84837,   0.31246,   0.10937,   0.59147,   2.43750
 397.00000,   3.00000,  13.75000,   0.23423,  10.94899,   0.73219,   0.59104,   0.08112,   0.00832,   3.33389,   1.26848,   0.05855,   0.31845,   3.62500
 398.00000,   3.00000,  20.84000,   0.04321,  27.39697,   1.12680,   0.43964,   0.46681,   0.00580,   2.07136,   4.31635,   0.12278,   0.14916,   5.89362
 399.00000,   3.00000,  13.88000,   0.04977,  19.62891,   1.02457,   0.89576,   0.02210,   0.04936,   2.13539,   1.54471,   0.08824,   0.27552,   1.23232
 400.00000,   4.00000,  13.09000,   0.02088,   4.82895,   0.60393,   0.56587,   0.29735,   0.02222,  14.30135,   0.96037,   0.16274,   0.57590,   2.05674
 401.00000,   4.00000,  12.59000,   0.01161,  52.18308,   1.95940,   0.46244,   0.47877,   1.41646,  13.43872,   2.35001,   0.11022,   0.34514,   0.38325
 402.00000,   4.00000,   9.87000,   0.05618,   4.84251,   0.59612,   0.24105,   0.55219,   0.17718,  27.81237,   0.40851,   0.12589,   0.32275,   0.85417
 403.00000,   4.00000,  11.31000,   0.02048,  13.73674,   1.00375,   0.32208,   0.22929,   0.14728,  19.25746,   1.03807,   0.13547,   0.44315,   0.94900
 404.00000,   4.00000,  13.75000,   0.00274,  87.33505,   2.49266,   0.58313,   0.35734,   0.81821,  11.09294,   4.15112,   0.09801,   0.33487,   1.53284
 405.00000,   4.00000,  10.10000,   0.01990,   9.07255,   0.79639,   0.24478,   0.34292,   0.31150,  19.22747,   0.67472,   0.15807,   0.37597,   0.47253
 406.00000,   4.00000,   7.30000,   0.01267,  19.14503,   1.18474,   0.33926,   0.37495,   1.39519,  20.11029,   1.07182,   0.13033,   0.36880,   1.31703
 407.00000,   4.00000,  22.06000,   0.00045, 113.85190,   2.73520,   0.68012,   0.21970,   0.00104,   5.95956,   9.91407,   0.14360,   0.37619,   0.74282
 408.00000,   4.00000,  25.85000,   0.00382,  39.79266,   1.73993,   0.34845,   0.21082,   0.15167,  10.57298,   3.53667,   0.11356,   0.43175,   0.35829
 409.00000,   4.00000,  12.18000,   0.00603,  34.02673,   1.61180,   0.58828,   0.38955,   0.29383,  18.51832,   2.22149,   0.10297,   0.41519,   0.91633
 410.00000,   4.00000,   9.63000,   0.00450,  65.28359,   2.15661,   0.35846,   0.35130,   1.35510,  13.90110,   2.11627,   0.23072,   0.45688,   3.64469
 411.00000,   4.00000,  17.09000,   0.00078, 114.02902,   2.96941,   0.45634,   0.30325,   1.01732,  10.52946,   5.70516,   0.10786,   0.41125,   1.37338
 412.00000,   4.00000,  10.74000,   0.03352,   8.25258,   0.76448,   0.42065,   0.49128,   0.34019,  18.74418,   0.61534,   0.13457,   0.36180,   0.80808
 413.00000,   4.00000,  16.80000,   0.01015,  37.63683,   1.66718,   0.35404,   0.48341,   0.22168,   7.03782,   2.59094,   0.10296,   0.34258,   1.52640
 414.00000,   4.00000,  10.68000,   0.00778,  23.16366,   1.33008,   0.41065,   0.41852,   1.49654,  20.26053,   1.18745,   0.14965,   0.41936,   0.27143
 415.00000,   4.00000,  11.63000,   0.01311,  17.26276,   1.14103,   0.48352,   0.17382,   0.26979,  18.84084,   1.26737,   0.12517,   0.44559,   1.06872
 416.00000,   4.00000,  20.28000,   0.00354,  80.86115,   2.46944,   0.60042,   0.27533,   0.12805,   8.08517,   5.49862,   0.08924,   0.42527,   1.46902
 417.00000,   4.00000,  17.75000,   0.00470,  48.03606,   1.86879,   0.20446,   0.66807,   0.08782,   7.17380,   2.98766,   0.10404,   0.35103,   0.63162
 418.00000,   4.00000,  10.02000,   0.03101,   3.13423,   0.41602,   0.91678,   0.07773,   0.04463,  13.73768,   0.48746,   0.10161,   0.33822,   1.18644
 419.00000,   4.00000,  26.28000,   0.01209,  47.64983,   1.87450,   0.23554,   0.44433,   0.25446,   7.48238,   2.58975,   0.08448,   0.32917,   1.25312
 420.00000,   4.00000,   9.84000,   0.01379,  21.26250,   1.23214,   0.12091,   0.43924,   1.07070,  15.40344,   1.23218,   0.12537,   0.30454,   0.99020
 421.00000,   4.00000,  20.69000,   0.00590,  58.40570,   2.11289,   0.10427,   0.21938,   0.19992,   9.11244,   3.72524,   0.10205,   0.36164,   1.27957
 422.00000,   4.00000,  13.47000,   0.00307,  73.99178,   2.34392,   0.63522,   0.19125,   1.00387,  10.11696,   3.84524,   0.09467,   0.41287,   1.72208
 423.00000,   4.00000,  17.98000,   0.00537,  43.25525,   1.78532,   0.15450,   0.40258,   0.15145,   7.37261,   2.92994,   0.10025,   0.38458,   1.19450
 424.00000,   4.00000,  13.78000,   0.02744,  11.72490,   0.94322,   0.22489,   0.50278,   0.01374,  19.79718,   0.85587,   0.17377,   0.35317,   0.96296
 425.00000,   4.00000,  10.73000,   0.02062,  12.77468,   0.98031,   0.69452,   0.18817,   0.94477,  18.76929,   0.82066,   0.15187,   0.35544,   5.84706
 426.00000,   4.00000,  12.64000,   0.06291,   5.38601,   0.61444,   0.67149,   0.28371,   0.08641,  20.86717,   0.53213,   0.12607,   0.36711,   1.84906
 427.00000,   4.00000,  13.72000,   0.00203,  66.86897,   2.04517,   0.43631,   0.30959,   0.55492,   9.48520,   4.02029,   0.10491,   0.46189,   0.81084
 428.00000,   4.00000,   9.40000,   0.01600,   5.11934,   0.61734,   0.42077,   0.44042,   0.31016,  34.39337,   0.40671,   0.14104,   0.42046,   0.30208
 429.00000,   4.00000,  22.63000,   0.00165, 133.01813,   3.11985,   0.68036,   0.12460,   1.42885,  10.27850,   5.18471,   0.09989,   0.42625,   0.55458
 430.00000,   4.00000,  19.82000,   0.00190,  63.41431,   2.20124,   0.34363,   0.24245,   0.18959,   7.80860,   4.32400,   0.08263,   0.39678,   1.23648
 431.00000,   4.00000,  11.89000,   0.01828,  10.25534,   0.84300,   0.17785,   0.34285,   0.05437,  17.66598,   0.90664,   0.14003,   0.35159,   1.56808
 432.00000,   4.00000,  26.66000,   0.00254,  71.55556,   2.08230,   0.59991,   0.17294,   0.18904,   5.63153,   7.00086,   0.10766,   0.42281,   0.68757
 433.00000,   4.00000,  23.56000,   0.00084,  41.70085,   1.78221,   0.42244,   0.17603,   0.10794,   9.75890,   4.54750,   0.15403,   0.50867,   0.92017
 434.00000,   4.00000,  16.44000,   0.01134,  38.10373,   1.68331,   0.06905,   0.56178,   0.06566,   7.38155,   2.79836,   0.10191,   0.42412,   0.76653
 435.00000,   4.00000,  14.07000,   0.01076,  39.50002,   1.72242,   0.78542,   0.12377,   0.67613,  10.58115,   2.46395,   0.11949,   0.37753,   0.68918
 436.00000,   4.00000,  11.61000,   0.00653,  38.64793,   1.70599,   0.39579,   0.18370,   1.43429,  14.79962,   1.79460,   0.16763,   0.37167,   3.31590
 437.00000,   4.00000,  11.61000,   0.00663,  55.68974,   1.99918,   0.62151,   0.25912,   0.96933,  10.98935,   2.66119,   0.09359,   0.35571,   2.33411
 438.00000,   4.00000,  10.03000,   0.01362,  10.48421,   0.87018,   0.65888,   0.23635,   0.61562,  20.44430,   0.74840,   0.11953,   0.46664,   0.61129
 439.00000,   4.00000,  13.82000,   0.00504,  51.78699,   1.97932,   0.47824,   0.31682,   1.03094,  13.50094,   2.92328,   0.10354,   0.36192,   1.51116
 440.00000,   4.00000,  19.73000,   0.00136,  91.40171,   2.62205,   0.26036,   0.38899,   0.01875,   7.83188,   7.24746,   0.10816,   0.43879,   0.47906
 441.00000,   4.00000,  12.25000,   0.00354,  83.48955,   2.45300,   0.54203,   0.39189,   1.44711,   8.03178,   3.64608,   0.14698,   0.35581,   4.31336
 442.00000,   4.00000,  17.21000,   0.00203,  80.65845,   2.25449,   0.62572,   0.31182,   0.16763,  10.51751,   5.57264,   0.08802,   0.37786,   0.84022
 443.00000,   4.00000,  14.98000,   0.00156, 153.46336,   3.39406,   0.46120,   0.27943,   1.39344,  12.12715,   6.93788,   0.10363,   0.34953,   1.74375
 444.00000,   4.00000,  35.63000,   0.00049, 101.43115,   2.67680,   0.39155,   0.23254,   0.04998,   5.49663,  11.61823,   0.16051,   0.43578,   1.18404
 445.00000,   4.00000,  11.07000,   0.03012,  11.98899,   0.93114,   0.26886,   0.44672,   0.56194,  18.91255,   0.70552,   0.11104,   0.36438,   1.31628
 446.00000,   4.00000,  16.67000,   0.00299,  77.44486,   2.42647,   0.22445,   0.39215,   1.11798,   9.22832,   4.16248,   0.09567,   0.36099,   0.76583
 447.00000,   4.00000,  10.32000,   0.02625,   6.73966,   0.70075,   0.24339,   0.61650,   0.25441,  22.07687,   0.57151,   0.11726,   0.43303,   0.54251
 448.00000,   4.00000,  10.96000,   0.00466,  20.29643,   1.23682,   0.39349,   0.31132,   0.55604,  21.33947,   1.32714,   0.12175,   0.38235,   0.69251
 449.00000,   4.00000,  11.30000,   0.00528,  62.62844,   2.17152,   0.47454,   0.29385,   0.98971,  10.98904,   3.01798,   0.11600,   0.41610,   1.83611
 450.00000,   4.00000,  16.62000,   0.00545,  58.89845,   2.09396,   0.49762,   0.32892,   0.16550,   8.61412,   3.85122,   0.09802,   0.34172,  16.07907
 451.00000,   4.00000,  22.53000,   0.00292,  87.06140,   2.56150,   0.56204,   0.31148,   0.26203,   8.15885,   6.20055,   0.10851,   0.42641,   1.63953
 452.00000,   4.00000,  10.79000,   0.01920,  13.08065,   0.99926,   0.35451,   0.29554,   0.18378,  17.18661,   0.91393,   0.10039,   0.45483,   0.97161
 453.00000,   4.00000,  14.89000,   0.00813,  65.08335,   2.12956,   0.38903,   0.35994,   0.00346,   9.98845,   3.41046,   0.10331,   0.35582,   0.39834
 454.00000,   4.00000,   9.84000,   0.04178,   7.72516,   0.75637,   0.07670,   0.82144,   0.12557,  23.19643,   0.57800,   0.11494,   0.37613,   0.62979
 455.00000,   4.00000,  10.69000,   0.02236,  10.58436,   0.88311,   0.45921,   0.28768,   0.21695,  22.61038,   0.78659,   0.12587,   0.34533,   0.78857
 456.00000,   4.00000,  14.14000,   0.00957,  21.31153,   1.27405,   0.07112,   0.57325,   0.01558,  16.97283,   2.07896,   0.09608,   0.44454,   0.74962
 457.00000,   4.00000,   8.81000,   0.02692,   7.04315,   0.65781,   0.58498,   0.28474,   0.65868,  23.18889,   0.41504,   0.14338,   0.40151,   0.36842
 458.00000,   4.00000,  12.48000,   0.01733,   9.85676,   0.86317,   0.42955,   0.36428,   0.27178,  24.43040,   0.72174,   0.11480,   0.43587,   1.19392
 459.00000,   4.00000,   8.16000,   0.01042,  21.40785,   1.27381,   0.06791,   0.24020,   1.33774,  18.39379,   1.38313,   0.15246,   0.43740,   0.84615
 460.00000,   4.00000,  18.36000,   0.00370,  48.60604,   1.90237,   0.23248,   0.45639,   0.14872,   6.63151,   3.57712,   0.09703,   0.38030,   1.15794
 461.00000,   4.00000,  10.72000,   0.02462,   9.53255,   0.84156,   0.36122,   0.21371,   0.27624,  18.80256,   0.78412,   0.14895,   0.39900,   0.82699
 462.00000,   4.00000,   9.93000,   0.03778,   9.76083,   0.85437,   0.29439,   0.47955,   0.10221,  20.04349,   0.67986,   0.11614,   0.36486,   1.05479
 463.00000,   4.00000,  14.10000,   0.02006,   9.85470,   0.86252,   0.50386,   0.46394,   0.08040,  21.88938,   0.81033,   0.13549,   0.42664,   0.89474
 464.00000,   4.00000,  29.00000,   0.00150,  99.28565,   2.72960,   0.24139,   0.48026,   0.15654,   8.12633,   7.02479,   0.10190,   0.36491,   1.09800
 465.00000,   4.00000,  14.41000,   0.00737,  16.36899,   1.04041,   0.19871,   0.44527,   0.13782,  14.06968,   1.65993,   0.14336,   0.55347,   1.37549
 466.00000,   4.00000,  15.90000,   0.00981,  43.17815,   1.81023,   0.50905,   0.21879,   0.23668,  11.57659,   2.84765,   0.10275,   0.37963,   1.06230
 467.00000,   4.00000,  28.65000,   0.00802,  47.69361,   1.88683,   0.09256,   0.70621,   0.00402,  10.39506,   4.20437,   0.09194,   0.42684,   0.63319
 468.00000,   4.00000,  13.61000,   0.01923,   9.79159,   0.82000,   0.02434,   0.45736,   0.06504,  18.41771,   0.85350,   0.15262,   0.36434,   0.83746
 469.00000,   4.00000,  16.52000,   0.00043,  86.62818,   2.55434,   0.54509,   0.21896,   1.25853,  10.88994,   4.70651,   0.10071,   0.41127,   1.49439
 470.00000,   4.00000,  17.58000,   0.00356, 138.29095,   3.15711,   0.23170,   0.24208,   1.06588,   7.69515,   7.31957,   0.09431,   0.38479,   3.99491
 471.00000,   4.00000,  18.95000,   0.00196,  60.47213,   2.14101,   0.46539,   0.41260,   0.01142,   7.07135,   4.43711,   0.09303,   0.41855,   1.09357
 472.00000,   4.00000,   8.19000,   0.00687,  44.23292,   1.82446,   0.24788,   0.16212,   1.29637,  16.12645,   1.44470,   0.17078,   0.29313,  19.31395
 473.00000,   4.00000,  13.75000,   0.01517,  15.60874,   1.10055,   0.51093,   0.46210,   0.48122,  22.93425,   1.15460,   0.18551,   0.37581,   0.66667
 474.00000,   4.00000,  18.93000,   0.00208,  63.17095,   2.17373,   0.44915,   0.34014,   0.07630,   9.40467,   4.74264,   0.09693,   0.51200,   0.78182
 475.00000,   4.00000,  10.82000,   0.00612,  60.41482,   2.10500,   0.48742,   0.36549,   1.47967,  10.48439,   2.66146,   0.16219,   0.35733,   1.03741
 476.00000,   4.00000,  15.39000,   0.00826,  51.31833,   1.95711,   0.38808,   0.57078,   0.46523,  11.06199,   3.14528,   0.11504,   0.32893,   0.69465
 477.00000,   4.00000,  14.88000,   0.00570,  45.30144,   1.83594,   0.51799,   0.29942,   0.80739,  13.06805,   2.46233,   0.11882,   0.37504,   2.63900
 478.00000,   4.00000,   8.70000,   0.00732,  41.39786,   1.76323,   0.45949,   0.16026,   1.31624,  16.92704,   1.73189,   0.16434,   0.38425,  11.33735
 479.00000,   4.00000,  18.10000,   0.01540,  18.92443,   1.01280,   0.40562,   0.11417,   0.23343,   9.35109,   1.85532,   0.10461,   0.42653,   0.73143
 480.00000,   4.00000,  11.80000,   0.02485,  24.34422,   1.34392,   0.35592,   0.51327,   0.59488,  13.35293,   1.30380,   0.15210,   0.37149,   0.63047
 481.00000,   4.00000,  27.58000,   0.00264,  97.80697,   2.70976,   0.55746,   0.26757,   0.06945,   6.87397,   8.62414,   0.13048,   0.44710,   1.19761
 482.00000,   4.00000,  21.18000,   0.00066, 104.98669,   2.78773,   0.24874,   0.48281,   0.21721,   9.28211,   7.74295,   0.14091,   0.35505,   0.45519
 483.00000,   4.00000,   7.39000,   0.00319,  41.97054,   1.80447,   0.44576,   0.28630,   1.46198,  21.54653,   1.76055,   0.12773,   0.39499,   2.00319
 484.00000,   4.00000,  16.10000,   0.00372,  61.91587,   2.17175,   0.03779,   0.46580,   0.64069,  11.50272,   4.01152,   0.11443,   0.42671,   0.45202
 485.00000,   4.00000,  13.01000,   0.01410,  11.77146,   0.93381,   0.06872,   0.33439,   0.06143,  19.27123,   0.98539,   0.11628,   0.39589,   2.33333
 486.00000,   4.00000,  18.53000,   0.00251,  71.64785,   2.28425,   0.47766,   0.41245,   0.34038,   8.85576,   4.93706,   0.11109,   0.47344,   0.73592
 487.00000,   4.00000,   9.86000,   0.06803,   2.56425,   0.43149,   0.55243,   0.28765,   0.02597,  19.47943,   0.38839,   0.10197,   0.40992,   3.74193
 488.00000,   4.00000,  18.70000,   0.00310, 136.42377,   3.23302,   0.62234,   0.20185,   0.77117,   9.52343,   7.91984,   0.11941,   0.36080,   0.70493
 489.00000,   4.00000,  11.46000,   0.00445,  54.59575,   2.03219,   0.35187,   0.10041,   1.30543,  12.28490,   2.93696,   0.13876,   0.44980,   1.21109
 490.00000,   4.00000,  11.84000,   0.02988,  12.31311,   0.92402,   0.26014,   0.42511,   0.64028,  20.88581,   0.76045,   0.11669,   0.33010,   0.63037
 491.00000,   4.00000,  23.34000,   0.00073,  76.27849,   2.41713,   0.14205,   0.56400,   0.04653,   8.07697,   6.71370,   0.10352,   0.41461,   0.53709
 492.00000,   4.00000,  15.83000,   0.00495,  58.10167,   2.05419,   0.40693,   0.36566,   0.00192,   9.33101,   4.20931,   0.15147,   0.36625,   0.50143
 493.00000,   4.00000,  11.86000,   0.00617,  50.42289,   1.94393,   0.26080,   0.54188,   1.13382,  13.39047,   2.54208,   0.10128,   0.33070,   1.21564
 494.00000,   4.00000,   7.60000,   0.01223,  23.46857,   1.32976,   0.32482,   0.51084,   0.04294,  18.38054,   1.50994,   0.10175,   0.41600,   2.22407
 495.00000,   4.00000,  11.54000,   0.00475,  31.93929,   1.55992,   0.48119,   0.24610,   0.25977,  19.71668,   2.19409,   0.11960,   0.47629,   0.49427
 496.00000,   4.00000,  15.17000,   0.00224,  82.13650,   2.49801,   0.45529,   0.21816,   0.34768,  10.36992,   6.09745,   0.13231,   0.48699,   1.62598
 497.00000,   4.00000,  11.11000,   0.01198,  27.14062,   1.38493,   0.24473,   0.19352,   0.68333,  13.82155,   1.86960,   0.14624,   0.33842,   0.67479
 498.00000,   4.00000,  18.91000,   0.01156,  30.48559,   1.28314,   0.48365,   0.19674,   0.16006,   9.89992,   3.09575,   0.13664,   0.44167,   0.82143
 499.00000,   4.00000,  11.90000,   0.00530,  35.51073,   1.63761,   0.42163,   0.15385,   1.01900,  12.90020,   2.32563,   0.13167,   0.48450,   0.92848
